-0.057223
-0.009021
0.029843
-0.003291
0.08026
0.001725
-0.013574
-0.005946
0.029998
0.042791
-0.008115
0.044627
0.026425
0.081462
0.001774
-0.043888
0.073277
-0.045481
-0.058063
0.04782
0.052383
0.037318
0.100972
-0.016819
0.064545
0.071438
0.020365
-0.003234
0.038909
0.017189
-0.032295
-0.026612
-0.006028
-0.030067
-0.016298
0.076251
0.00743
0.088509
0.055101
-0.016646
0.021602
0.00591
0.01537
-0.030787
0.019414
-0.022831
0.064708
-0.011547
0.027185
-0.021824
-0.02224
0.047379
-0.001641
-0.00189
-0.016068
0.032445
-0.011696
0.09584
0.008
-0.002447
0.042255
-0.007231
0.056809
0.08961
0.103168
-0.027468
0.023167
0.019261
-0.015513
-0.056596
-0.037489
-0.011867
0.000908
0.002384
0.032692
0.113235
-0.009568
0.006818
0.049476
0.09008
-0.009938
-0.02271
0.026092
-0.00968
0.059918
-0.016611
-0.010203
0.027394
0.047952
-0.003027
-0.08187
-0.031311
0.038688
-0.020666
0.023173
-0.02667
0.090617
0.051613
0.0263
0.023302
0.002783
0.072943
-0.007049
0.022389
0.071171
0.079974
-0.015667
-0.036272
0.044104
0.037957
0.074578
-0.060444
0.021137
0.019812
0.001385
-0.012567
0.076796
-0.082756
0.063373
0.067955
0.043393
0.116595
-0.006474
-0.08119
0.027917
0.003652
0.063546
0.046532
-0.00178
0.036729
0.002268
0.039159
-0.031371
-0.022872
0.05515
-0.011229
0.146823
0.060337
-0.027812
0.019186
0.019362
-0.034235
0.025
0.009369
0.049211
0.023031
0.077095
-0.056098
-0.015197
-0.035285
0.044593
-0.014171
-0.031043
-0.019411
0.029293
0.041721
0.016515
-0.02429
-0.003469
0.021722
-0.027481
-0.041385
0.045052
0.100844
0.076402
0.06962
0.013601
0.065402
-0.063617
0.092281
-0.040548
-0.065605
0.070319
-0.034003
-0.044359
-0.03115
-0.038305
-0.00732
-0.009379
-0.030183
-0.03091
-0.040117
-0.035442
0.019608
0.055971
0.094261
0.054544
0.021116
-0.053793
0.033642
-0.009554
0.012592
-0.044692
0.074596
-0.014967
0.008189
0.059134
-0.00105
0.079849
0.039186
0.049815
0.020794
0.025408
-0.013003
-0.045164
-0.001487
-0.023577
-0.003581
0.061454
0.06438
-0.013125
0.025799
-0.012052
0.067103
-0.072248
-0.051395
0.04483
0.031251
-0.010131
-0.030526
0.027722
-0.000756
0.021388
-0.012433
0.07508
-0.022663
0.056997
0.049897
-0.034484
0.088981
-0.022531
0.038332
0.055254
0.031351
0.03717
-0.055679
-0.012181
0.032915
-0.00345
-0.014303
0.084743
-0.00703
0.005256
0.06192
-0.018163
0.084592
-0.028938
0.015447
0.007866
-0.047549
0.02156
0.039058
0.064669
0.022079
0.019376
0.011239
-0.002074
0.078142
-0.037509
0.084833
-0.011086
0.091778
-0.017797
-0.055853
0.018369
-0.010478
-0.015212
-0.007064
0.079
-0.045726
-0.025352
0.027474
-0.051324
0.034231
0.008304
0.059106
0.018653
0.054583
0.096936
0.023599
0.071913
-0.04129
0.008481
-0.034157
0.082273
0.109075
0.001376
0.015507
0.087271
-0.001384
0.011844
0.006786
0.039877
0.051246
0.009139
-0.051053
0.019345
0.028815
-0.020035
-0.035901
-0.043653
0.067298
-0.00847
-0.079264
0.060545
0.018071
0.014374
-0.01062
0.003415
0.062959
-0.002217
-0.004851
0.010809
0.019458
0.061508
0.043927
-0.011039
-0.044632
0.051794
-0.007664
0.044215
-0.037707
0.008439
0.008587
0.054115
-0.028892
-0.008805
0.022199
0.037327
0.000583
0.08834
0.029354
0.082258
0.077114
0.000369
-2.8e-05
0.070249
-0.045405
0.092777
0.035122
-0.020714
0.079778
0.028148
0.06807
0.01722
-0.051783
0.010494
-0.003347
0.012159
-0.007835
0.064664
-0.007586
-0.041647
0.023551
-0.081558
0.01858
0.026684
-0.009946
0.029195
-0.041081
0.074771
0.054944
0.136746
-0.004724
-0.03315
0.00921
0.061455
-0.057334
-0.003439
-0.008889
0.064616
-0.042678
0.037782
0.02929
0.018543
0.031215
-0.047107
0.043639
0.044499
0.031999
0.010532
0.080238
-0.000669
-0.041905
0.054976
-0.022759
-0.009728
0.012936
-0.020729
0.035689
0.026469
-0.030712
-0.027151
-0.029133
0.005362
0.046
-0.008634
-0.001992
0.057741
0.010219
0.068363
0.058018
0.049267
0.055931
0.089237
-0.02004
-0.024803
0.065846
0.044878
0.035141
0.013881
0.005237
0.037531
0.02643
-0.075739
0.03901
-0.024052
-0.033574
0.001992
0.04785
0.016993
0.016111
0.018675
0.048263
0.010158
0.054077
0.03357
0.038837
-0.001638
0.006995
-0.044227
0.088331
0.046883
-0.008732
0.025095
-0.070771
0.004115
0.036608
-0.043441
-0.026493
0.104828
-0.032241
-0.008185
-0.046482
-0.011411
0.02277
0.040485
0.03859
0.030788
0.019233
0.026521
0.075865
0.083912
0.004609
-0.038666
0.047498
0.030904
0.01622
0.023611
0.050358
0.06123
0.066157
0.073741
0.009848
-0.020214
0.005175
0.055031
-0.018932
-0.017356
0.066488
0.010207
-0.031631
0.048974
-0.003719
-0.041253
-0.064334
0.014883
0.024017
0.023594
0.056855
0.068348
0.047442
0.044902
0.023166
0.018325
-0.000419
0.080624
-0.028904
-0.013797
0.057398
0.060731
0.025898
0.024453
-0.008377
-0.011595
0.064657
0.082263
-0.009324
0.060679
0.080542
