-0.206,-0.057,0.087,-0.526,-0.047,-0.317,-0.294,0.285,-0.505,0.034,0.324,0.253,-0.296,-0.29,-0.498,0.282,-0.064,0.403,-0.172,0.203
0.139,0.362,-0.317,-0.195,-0.522,0.319,0.32,-0.006,-0.388,0.297,0.13,-0.392,0.117,-0.583,0.336,-0.459,-0.321,-0.44,0.173,-0.448
-0.273,-0.604,0.187,0.125,0.288,0.262,-0.285,-0.378,-0.204,0.21,0.236,0.218,-0.277,0.083,0.47,0.367,-0.071,-0.277,0.153,-0.103
-0.342,-0.114,-0.24,-0.164,0.274,0.086,0.043,-0.288,0.032,0.171,-0.183,0.186,0.275,-0.276,0.279,-0.402,-0.364,0.363,-0.222,0.235
0.112,-0.15,0.246,0.173,0.127,-0.27,-0.288,0.2,0.391,-0.412,0.121,0.039,0.206,-0.172,-0.341,-0.348,-0.138,-0.217,0.351,-0.003
-0.203,-0.676,-0.157,-0.375,-0.434,-0.261,-0.269,0.238,0.24,0.438,-0.254,0.057,0.373,0.189,-0.122,-0.101,-0.217,0.056,0.154,-0.149
-0.159,-0.229,0.319,0.291,-0.414,0.181,-0.166,-0.015,-0.15,0.294,-0.342,-0.005,-0.398,-0.447,-0.567,-0.114,0.351,-0.439,-0.087,0.363
0.343,-0.111,-0.482,-0.257,-0.235,-0.247,0.292,-0.466,-0.094,-0.384,0.105,0.197,-0.074,0.307,0.445,-0.257,0.293,0.251,-0.069,-0.179
-0.583,-0.1,-0.292,0.089,-0.39,0.346,0.139,0.233,0.201,0.079,0.361,0.021,0.014,0.09,-0.367,0.035,-0.041,-0.117,-0.787,-0.211
0.17,0.301,-0.006,0.082,0.421,-0.137,0.047,0.026,0.006,-0.174,0.017,-0.237,-0.014,0.257,-0.417,0.117,-0.291,0.114,-0.557,-0.112
